  0.999847695147914917436295809816708503         1.74524069228916522111858362661472825E-0002   3.0458650740219646E-004
  0.999390826985195607062940344733949867         3.48994976732734650543199355116778597E-0002   1.2179749378468201E-003
  0.998629534678317959575930634653532630         5.23359576979933347010847229643908543E-0002   2.7390524681661474E-003
  0.997564050124306359998034308801778905         6.97564756821213563218625214301280068E-0002   4.8659658995903882E-003
  0.996194697880095603682926241748623404         8.71557451668278936386270310571450901E-0002   7.5961239155850433E-003
  0.994521895063667704420800297768033939        0.104528466165782433211610649421396275         1.0926200238971123E-002
  0.992546151226993709333092441413208729        0.121869346779580852682922376352230995         1.4852137684481733E-002
  0.990268068200819223712492530780934597        0.139173104807709332764532367226833470         1.9369153101817648E-002
  0.987688339911340925643606204916342617        0.156434469357553893120259492662607705         2.4471743203179470E-002
  0.984807752168829912516915709132503467        0.173648182449965432223029917685344183         3.0153691268176484E-002
  0.981627182428266266815926520141163052        0.190809000620891200495589821455546190         3.6408074717943259E-002
  0.978147599522057754211603911383746369        0.207911696518584834245449239277322772         4.3227273549236118E-002
  0.974370063364924070442403128833205970        0.224951060495908424718122484241955261         5.0602979618233859E-002
  0.970295724631036532102147006761086347        0.241921902197241591606461299096606006         5.8526206762731722E-002
  0.965925824403511557719028416108127217        0.258819052139514173112654109540862306         6.6987301750396550E-002
  0.961261693796364706812775784908442687        0.275637363286880934662888232987779580         7.5975956039743983E-002
  0.956304753549040433398307213378131037        0.292371712618558635077489228591117500         8.5481218339509044E-002
  0.951056513593641064107708239521554345        0.309017002689347871811624282783598521         9.5491507951108445E-002
  0.945518572594986827183480939668289878        0.325568163182364355168939779460548979        0.10599462887793863     
  0.939692617463647034521568764658005063        0.342020152453506634474039075120798356        0.11697778468431992     
  0.933580422842090752191735080873594442        0.358367959067189816346630712909402387        0.12842759408598303     
  0.927183850564113482927536241325845349        0.374606603322877475683739439560022666        0.14033010725310369     
  0.920504849087704524464218200836928732        0.390731138771946762916169417092700791        0.15267082280602232     
  0.913545452901527757830738612901007897        0.406736653724424655707632192211788518        0.16543470548294251     
  0.906307781905196657307412084977758557        0.422618272745136388612646888569974634        0.17860620445808251     
  0.898794040763532296295062252426935959        0.438371158138810319362659871811427989        0.19216927228796185     
  0.891006518235001048373483121176722727        0.453990511423686854426402799844792841        0.20610738446274074     
  0.882947586474536547942422097213732668        0.469471574793182558265611602795640042        0.22040355953879082     
  0.874619700310958277641407788793682377        0.484809632565164209214189860160204984        0.23504037982796949     
  0.866025396499206887858747487660304177        0.500000012618391339039393727839959910        0.25000001261839150     
  0.857167292947624024707807591596534761        0.515038087815689701848005241798750175        0.26526423190084208     
  0.848048087920512044533583432635970605        0.529919277413422159888147661194031745        0.28081444057436344     
  0.838670559216216522999016036720943833        0.544639048456827647737182299415017223        0.29663169310395865     
  0.829037563320981922794815316243169524        0.559192917160803181086588463141025327        0.31269671860280895     
  0.819152034538838163747533868124502548        0.573576450275708310524607050795673959        0.32898994431088213     
  0.809016984097783140320365244792817499        0.587785266437775983026026785361160985        0.34549151944132728     
  0.798635499232533451985592901637715485        0.601815037503718462896086499932934015        0.36218133936560204     
  0.788010742244122749497361369301249354        0.615661489869121778253731003152362160        0.37903907010786669     
  0.777145949536634152534312636040838538        0.629320405770227097311897671348325631        0.39604417311880324     
  0.766044430631360159365386326869041164        0.642787624568702499214910798874101956        0.41317593029867528     
  0.754709567158690344997059468943269205        0.656059044019013785483942748762286364        0.43041346923914231     
  0.743144811828033928592063516710382069        0.669130621518008278622593599648899039        0.44773578865307606     
  0.731353687376090981741589584626622846        0.681998375336330972531360212151384108        0.46512178396139503     
  0.719339785493792644387097336229376941        0.694658385831297933421706599714744784        0.48255027300574432     
  0.707106765732237212815112488622781470        0.707106796640857498221887306863920064        0.50000002185569503     
  0.694658354387955362209592090680784153        0.719339815858275578307086741171830944        0.51744977067901776     
  0.681998343367844062792644093841188120        0.731353717187187248011012180630929571        0.53487825964351621     
  0.669130589034114941697619178744654981        0.743144841076662777996262660780988522        0.55226425481885844     
  0.656059011029608930512365939840951499        0.754709595835942361354835190747863622        0.56958657404685142     
  0.642787591083835019050354303156128041        0.766044458728499973423622612943820500        0.58682411274864055     
  0.629320371800096807531671597000179486        0.777145977045103102846221438615669219        0.60395586963738801     
  0.615661455424076310196027270612443722        0.788010769155541489473814005004364656        0.62096097230510805     
  0.601815002594250111671058053340791512        0.798635525538704502325405705266155607        0.63781870265248275     
  0.587785231074518511460878022799047427        0.809017009790693386042044443920646159        0.65450852213067479     
  0.573576414469433710016244813858093648        0.819152059610661295061859577439034968        0.67101009676438839     
  0.559192880922418390348509301577911528        0.829037587764080819074751175881631405        0.68730332192568611     
  0.544639011797371230440097550826292188        0.838670583023145579120764125682050594        0.70336834682838290     
  0.529919240344060942206369252116997182        0.848048111084019438880158396730344051        0.71918559871317345     
  0.515038050347715370935828210895342911        0.857167315460653928144274088163964237        0.73473580669402427     
  0.499999974763217003473612574031312448        0.866025418354901613006245653456597576        0.75000002523678244     
  0.484809594334320922450471303279985708        0.874619721502660367795277005968712453        0.76495965724139114     
  0.469471536198315806167712682590221808        0.882947606995790804998118325664629469        0.77959647669959342     
  0.453990472476553007938166999101461251        0.891006538079556499142563883518592460        0.79389265090051619     
  0.438371118851273053403341797470108670        0.898794059925344096612280341089766662        0.80783076215708305     
  0.422618233129163068286404746569758166        0.906307800378427933348908492907082764        0.82139382902678437     
  0.406736613792082690927983713502442018        0.913545470680551384082451297830557278        0.83456532700095010     
  0.390731098535399932555828000880699691        0.920504866167104837798920252115695941        0.84732920863731953     
  0.374606562794382222369530144775359981        0.927183866938687932268378949778684890        0.85966992311137858     
  0.358367918259091513028127522422806550        0.933580438506851483259792387860543962        0.87157243516264504     
  0.342020111378235823903162855653924355        0.939692632413822409184653609633304215        0.88302224341281910     
  0.325568121852432963436007944380443980        0.945518586826022876943425112760176529        0.89400539803347934     
  0.309016961117345397091245821544652191        0.951056527101202877283359408801845980        0.90450851774180108     
  0.292371670817148312745250088256908034        0.956304766329013475581693724467230186        0.91451880610358915     
  0.275637321268795879950969723825851233        0.961261705844856074196215471186490128        0.92402406712376250     
  0.258819009917553502479368865650354063        0.965925835716851162911405819689174388        0.93301272010529746     
  0.241921859784266524001175272305156874        0.970295735205778222073147864825840235        0.94147381375852179     
  0.224951017904838363929155510021169235        0.974370073197846676254169462774723196        0.94939703954357701     
  0.207911653762393433524309021727036186        0.978147608610166072218051269851313107        0.95677274422978653     
  0.190808957712602410656292985241170372        0.981627190768791971030840542224990171        0.96359194165663042     
  0.173648139402649534420297423652525326        0.984807759759232397872911831700827969        0.96984632368199797     
  0.156434426184323517515040677401082500        0.987688346749308081885087651849642382        0.97552827030438138     
  0.139173061521715464289610723508270186        0.990268074284268139686871279110781512        0.98063085894667279     
  0.121869303394008825125285631651573561        0.992546156554071307465739223897621079        0.98514787289025907     
  0.104528422693847912831826526702142082        0.994521899632751305180456415079662049        0.98907380884913620     
   8.71557016217728535506532056048487543E-0002  0.996194701689793419865635542169368312        0.99240388367481647     
   6.97564320772100428595337489246219696E-0002  0.997564053173457920679031653127443213        0.99513404018385743     
   5.23359140465082269999610498775049731E-0002  0.998629536965994463600346986980825924        0.99726095210091648     
   3.48994539885112290796465697708555039E-0002  0.999390828510700205967647790025240419        0.99878202811130368     
   1.74523632181590904644070244085130707E-0002  0.999847695910782927716711758728444791        0.99969541501810144     
  -4.37113900018624143885728940026521501E-0008  0.999999999999999044657192052540821985        0.99999999999999800     
  -1.74524506276241806119017778098082272E-0002  0.999847694385044996761270656096586605        0.99969541196709022     
  -3.48995413580356343470250949707193639E-0002  0.999390825459689098636555121502399173        0.99878202201299870     
  -5.23360013494783424046468284104885246E-0002  0.998629532390639547484426764628560154        0.99726094296274748     
  -6.97565192870325365014965925826954028E-0002  0.997564047075152893285755458086610835        0.99513402801695783     
  -8.71557887118827671993722236483335740E-0002  0.996194694070395884085337071045292433        0.99240386849400952     
 -0.104528509637716753870358017621507014        0.994521890494582203442464589751114551        0.98907379067291767     
 -0.121869390165152647386551210798062137        0.992546145899914214756791397649546299        0.98514785174077379     
 -0.139173148093702935323404535419267226        0.990268062117368415647159991097794025        0.98063083484968816     
 -0.156434512530783969828387876291539572        0.987688333073371882240220702253135526        0.97552824328925603     
 -0.173648225497280998238677978272808628        0.984807744578425545502913095773279027        0.96984629378164555     
 -0.190809043529179625758873788048559444        0.981627174087738687020074860912026163        0.96359190890747970     
 -0.207911739274775837712701542457992734        0.978147590433947567272607923977311738        0.95677270867173769     
 -0.224951103086978055696333888622914729        0.974370053531999602915772164911116483        0.94939700121995174     
 -0.241921944610216196975048627681302229        0.970295714056292988201061931838193202        0.94147377271601151     
 -0.258819094361474349224099310904746239        0.965925813090170106946072303296840415        0.93301267639390628     
 -0.275637405304965462718461506704251945        0.961261681747871502760444651130875874        0.92402402079674628     
 -0.292371754419968398779302574082548372        0.956304740769065564017183684202600870        0.91451875721738973     
 -0.309017044261349756097660638524264467        0.951056500086077433762056643701394497        0.90450846635597904     
 -0.325568204512295124843465228667533566        0.945518558363948970834800547839924837        0.89400534421064026     
 -0.342020193528776791551929655485476887        0.939692602513469864401316369246359316        0.88302218721853809     
 -0.358367999875287434936629316097532902        0.933580407177328237344992568408170917        0.87157237666538601     
 -0.374606643851372013242500146069166614        0.927183834189537262029846969957891286        0.85966986238241139     
 -0.390731179008492846712144299504787931        0.920504832008302452334141636158566954        0.84732914575063312     
 -0.406736693656765843341406942430673712        0.913545435122502386080869602813765279        0.83456526203316228     
 -0.422618312361108901448234282082682232        0.906307763431963649596673217160417263        0.82139376205704817     
 -0.438371197426346747732511667131300789        0.898794021601718778664998824812044710        0.80783069326699086     
 -0.453990550370819833481498670572039223        0.891006498390443895171064298605071911        0.79389258017400011     
 -0.469471613388048413350925494131814184        0.882947565953280603851472802731287357        0.77959640422282284     
 -0.484809670796006569659117027480580206        0.874619679119254516364257809146419965        0.76495958310266776     
 -0.500000050473564719262342824410602097        0.866025374643510508008981231136027207        0.74999994952643267     
 -0.515038125283663048684316245240033897        0.857167270434592483494124044418188262        0.73473572950428989     
 -0.529919314482782365060785131016448908        0.848048064757003029833725291630169462        0.71918552013809800     
 -0.544639085116283024400271306847725348        0.838670535409285864441493978787573693        0.70336826696369814     
 -0.559192953399186903382804295238852895        0.829037538877881442484732182631986857        0.68730324086869476     
 -0.573576486081981815108696129870507521        0.819152009467013467291198534394539664        0.67101001461384613     
 -0.587785301801032331518321730302586816        0.809016958404871348821571515342839912        0.65450843898666933     
 -0.601815072413185664241779358909376320        0.798635472926360875704419371350500556        0.63781861861631206     
 -0.615661524314166069975881782326297925        0.788010715332702503880118357074700178        0.62096088747915745     
 -0.629320439740356184658676651370178823        0.777145922028163717340816602821041611        0.60395578412500461     
 -0.642787658053568751214398955909187037        0.766044402534218881637075297041815062        0.58682402665400846     
 -0.656059077008417386932940972782913692        0.754709538481436886626569598749165221        0.56958648747486340     
 -0.669130654001900337049314331267985916        0.743144782579403659271761885879561337        0.55226416787498911     
 -0.681998407304816579185590511630339040        0.731353657564993318085196387416342878        0.53487817243369340     
 -0.694658417274639177360035340105386592        0.719339755129308336034926847361267119        0.51744968330949337     
 -0.707106827549476432569876881885463569        0.707106734823615576349611483818234243        0.49999993443291491     
 -0.719339846222757137794837045207853301        0.694658322944611463723751891345871284        0.48255018563622015     
 -0.731353746998282116893407215796433056        0.681998311399355849969503238427851457        0.46512169675157278     
 -0.743144870325290207484303433156953262        0.669130556550220326274453135063000843        0.44773570170920762     
 -0.754709624513192935699841970950017312        0.656058978040202822018273578400242520        0.43041338266715540     
 -0.766044486825638323811730470465262438        0.642787557598966310720793447809909758        0.41317584420404446     
 -0.777146004553570568276490450509594855        0.629320337829965315318063334565054987        0.39604408760642168     
 -0.788010796066958723809424844923356445        0.615661420979029665802836398359457273        0.37903898528191798     
 -0.798635551844874026723807519413185981        0.601814967684780610566760720151986025        0.36218125532943352     
 -0.809017035483602085986560021652288684        0.587785195711259916822943010683628365        0.34549143629732404     
 -0.819152084682482861234127757966315687        0.573576378663158013583677833591604651        0.32898986216034243     
 -0.829037612207178131324493058469903539        0.559192844684032531168636050710074555        0.31269663754582050     
 -0.838670606830073032806692758113987868        0.544638975137913772509087105777613159        0.29663161323927711     
 -0.848048134247525212873405925732897674        0.529919203274698712015520731680614438        0.28081436199929138     
 -0.857167337973682193803480518798070118        0.515038012879740055947856742049422680        0.26526415471111126     
 -0.866025440210594683451433969163370496        0.499999936908041712565071692321749891        0.24999993690804570     
 -0.874619742694360786825824969991150130        0.484809556103476709368034403962274223        0.23504030568925013     
 -0.882947627517043375018522278418648851        0.469471497603448157057302476172309862        0.22040348706202442     
 -0.891006557924110247478268668924027410        0.453990433529418294016865684070465369        0.20610731373622918     
 -0.898794079087154179616616478602355388        0.438371079563734949854632510239680987        0.19216920339787444     
 -0.906307818851657477721127144411111829        0.422618193513188940469583549752415466        0.17860613748835125     
 -0.913545488459573264835973687477705978        0.406736573859739949002537804454035319        0.16543464051515969     
 -0.920504883246503392338215156630361796        0.390731058298852355631196930260047114        0.15267075991934115     
 -0.927183883313260610052343808652543520        0.374606522265886253299949698928092646        0.14033004652414194     
 -0.933580454171610430549134558936014177        0.358367877450992524981197716084185471        0.12842753558872960     
 -0.939692647363995988390542339087213012        0.342020070302964359839379479013961975        0.11697772849004470     
 -0.945518601057057120114605876079705373        0.325568080522500949644748691932634387        0.10599457505510568     
 -0.951056540608762873288984342838206917        0.309016919545342331936604685834577763         9.5491456565292579E-002
 -0.956304779108984690567318798959234947        0.292371629015737431782665022433347317         8.5481169453316005E-002
 -0.961261717893345604910740689085869402        0.275637279250710298582786262569188039         7.5975909712734047E-002
 -0.965925847030188922523182897804730472        0.258818967695592337324324252126149805         6.6987258039012065E-002
 -0.970295745780518058114044301025616119        0.241921817371290994159271585168344221         5.8526165720228264E-002
 -0.974370083030767420351052379111883006        0.224950975313767873329514344105486927         5.0602941294615400E-002
 -0.978147617698272521291932634862173031        0.207911611006201635549362583447032822         4.3227237991194108E-002
 -0.981627199109315799664800991041015508        0.190808914804313256241065263655625818         3.6408041968799675E-002
 -0.984807767349633001570886960605404995        0.173648096355333304830562746061640450         3.0153661367831115E-002
 -0.987688353587273350964651977847547295        0.156434383011092843012813920977234369         2.4471716188061290E-002
 -0.990268080367715163570284612528996076        0.139173018235721329898722310189432012         1.9369129004840425E-002
 -0.992546161881147009154721566732241875        0.121869260008436564713723872884499872         1.4852116535003916E-002
 -0.994521904201833005721424211603684926        0.104528379221913192731088710663727642         1.0926182062760092E-002
 -0.996194705499489332633457693172708839         8.71556580767176469355339482017533676E-0002   7.5961087347857174E-003
 -0.997564056222607575328741665093576202         6.97563884722985961145935903430059321E-0002   4.8659537326982321E-003
 -0.998629539253669059557671450579849848         5.23358703950230193013592134145386271E-0002   2.7390433300046469E-003
 -0.999390830036202895350674542616576452         3.48994103037489264230884655950907440E-0002   1.2179688395494168E-003
 -0.999847696673649027602517045230861294         1.74523195134264953716488482407574735E-0002   3.0458345639872728E-004
 -0.999999999999996178628768210165113239        -8.74227800037247452584216606738406438E-0008   7.6427424635796547E-015
 -0.999847693622173165691637755172663386        -1.74524943323566756664713430357069651E-0002   3.0458955842094189E-004
 -0.999390823934180680688495035093930618        -3.48995850427977369576785803012697396E-0002   1.2179810361594714E-003
 -0.998629530102959227325839747940144280        -5.23360450009632501105639619512813261E-0002   2.7390616063428502E-003
 -0.997564044025997520542200926955608589        -6.97565628919435833983526471057494744E-0002   4.8659780664976806E-003
 -0.996194690260694261072875309197830449        -8.71558322569374742328055824684243031E-0002   7.5961390963994223E-003
 -0.994521885925494802245458021114848219       -0.104528553109650874807985570102872678         1.0926218415197102E-002
 -0.992546140572832823736846270980798804       -0.121869433550724209236089238801101084         1.4852158833974385E-002
 -0.990268056033915715490885283623313847       -0.139173191379696271966144522160225719         1.9369177198809567E-002
 -0.987688326235400951674944209069114075       -0.156434555704013747639343337818178847         2.4471770218312178E-002
 -0.984807736988019296830918494499597801       -0.173648268544596232467159355528263367         3.0153721168536207E-002
 -0.981627165747209231643301500663655288       -0.190809086437467686446062900770713708         3.6408107467101020E-002
 -0.978147581345835511401080672153419002       -0.207911782030966443925984237629905328         4.3227309107292097E-002
 -0.974370043699073273674295358635797084       -0.224951145678047256863708345019937733         5.0603017941866037E-002
 -0.970295703481547590369912845067542005       -0.241921987023190340106856220198740156         5.8526247805248677E-002
 -0.965925801776826810592559097494091629       -0.258819136583434030813623796850022430         6.6987345461794273E-002
 -0.961261669699376462039245090736448010       -0.275637447323049464117609261625552768         7.5976002366766868E-002
 -0.956304727989088867438347555454793991       -0.292371796221377603850610255378841332         8.5481267225714752E-002
 -0.951056486578511986246430430048900602       -0.309017085833351049949275457740625666         9.5491559336936635E-002
 -0.945518544132909307897411128314412761       -0.325568245842225272459505323497169931        0.10599468270078363     
 -0.939692587563290898823924988486840721       -0.342020234604046295136756114820102111        0.11697784087860687     
 -0.933580391512563938719594780900687002       -0.358368040683384368798045360542066200        0.12842765258324781     
 -0.927183817814959269575342422342074688       -0.374606684379865835045734827091244765        0.14033016798207643     
 -0.920504814928898621408723191448477851       -0.390731219245038183943675768727125890        0.15267088569271409     
 -0.913545417343475268832878237696871809       -0.406736733589106253829231666009181427        0.16543477045073562     
 -0.906307744958728910216727185995645683       -0.422618351977080606793091233439041182        0.17860627142782357     
 -0.898794002439903543722126670446555651       -0.438371236713882338512822117298989223        0.19216934117805867     
 -0.891006478545885039535345332513546320       -0.453990589317951945103380195556437034        0.20610745518926130     
 -0.882947545432022972725309651885845876       -0.469471651982913371423580613943707646        0.22040363201556570     
 -0.874619657927549083963867557710478281       -0.484809709026848003785179758120529649        0.23504045396669704     
 -0.866025352787812473456988643248464792       -0.500000088328737144142387534407974225        0.25000008832874493     
 -0.857167247921559304503266461954460464       -0.515038162751635411444689631701463789        0.26526430909058007     
 -0.848048041593492394780628231896428872       -0.529919351552141557724210833690914242        0.28081451914944217     
 -0.838670511602353603448243439441908219       -0.544639121775737360429294528430341785        0.29663177296864646     
 -0.829037514434779378144548478128578966       -0.559192989637569557237087557712873049        0.31269679965980302     
 -0.819151984395187205692901480623958237       -0.573576521888254223768443636550850143        0.32899002646142700     
 -0.809016932711958011545712346647703732       -0.587785337164287556937695289558088565        0.34549160258533523     
 -0.798635446620186773481935377230061620       -0.601815107322651715708069929253278505        0.36218142340177484     
 -0.788010688421280752622136387588283819       -0.615661558759209185362413794483583723        0.37903915493381912     
 -0.777145894519691797265785898995054131       -0.629320473710484069571943630828721520        0.39604425863118803     
 -0.766044374437076140238743208265829084       -0.642787691538433775048754795209085657        0.41317601639330864     
 -0.754709509804181986243420373381238068       -0.656059109997819734859297579523895147        0.43041355581113128     
 -0.743144753330771970035413653225666339       -0.669130686485791116977719307096611264        0.44773587559694605     
 -0.731353627753894257041889548635589489       -0.681998439273300882755273910552442565        0.46512187117121823     
 -0.719339724764822653250633291550903696       -0.694658448717979094024518233512879057        0.48255036037526922     
 -0.707106703914992588825443349109046352       -0.707106858458094015859022157033806951        0.50000010927847505     
 -0.694658291501266237964246080054908442       -0.719339876587237322850290231359294288        0.51744985804854182     
 -0.681998279430866334061998727641964346       -0.731353776809375588388717730492972929        0.53487834685333802     
 -0.669130524066324432353157535114126574       -0.743144899573916217056129948906562295        0.55226434176272599     
 -0.656058945050795460001728696823887646       -0.754709653190442068032025016339554637        0.56958666061883734     
 -0.642787524114096374226292211892438804       -0.766044514922775210529656214635272697        0.58682419884327008     
 -0.629320303859832620671137790284564367       -0.777146032062036548825067111689514026        0.60395595514976796     
 -0.615661386533981845074224200048564553       -0.788010822978374452504142469800411939        0.62096105713105498     
 -0.601814932775309959583261201387752447       -0.798635578151042025180748081259086465        0.63781878668864911     
 -0.587785160348000199112289317084431610       -0.809017061176509240153862886916661856        0.65450860527467580     
 -0.573576342856881221226974524532138325       -0.819152109754302862264290505337514340        0.67101017891492543     
 -0.559192808445645603547037950700119238       -0.829037636650273859543994260933543080        0.68730340298267145     
 -0.544638938478455273944221008967031764       -0.838670630636998884056756446462911297        0.70336842669306143     
 -0.529919166205335469315672927782086463       -0.848048157411029366513281761466335956        0.71918567728824201     
 -0.515037975411763756884162424782481400       -0.857167360486708821685383868179574314        0.73473588388375144     
 -0.499999899052865466313843412050187721       -0.866025462066286099194270675422248023        0.75000010094712422     
 -0.484809517872631569966952209331191246       -0.874619763886059534733011190183828824        0.76495973138010653     
 -0.469471459008579610934454726200369477       -0.882947648038294258003594745813684755        0.77959654917635557     
 -0.453990394582282712662573270481883325       -0.891006577768662293380559560689626769        0.79389272162702329     
 -0.438371040276196008716607076254082577       -0.898794098248962545308034052769802492        0.80783083104716569     
 -0.422618153897214005162258991789872953       -0.906307837324885290424032742955875578        0.82139389599651069     
 -0.406736533927396429931370763219454378       -0.913545506238593400091271811721081781        0.83456539196872792     
 -0.390731018062304032142353084623430727       -0.920504900325900188082070281019780260        0.84732927152399540     
 -0.374606481737389568475075539232503360       -0.927183899687831516279399531286938897        0.85966998384033488     
 -0.358367836642892852205919265341287756       -0.933580469836367594059731663670408106        0.87157249365989276     
 -0.342020029227692242282767427131265828       -0.939692662314167772139206387938118930        0.88302229960708867     
 -0.325568039192568313795240990623725620       -0.945518615288089556696996038594448165        0.89400545185630631     
 -0.309016877973338676347780306681655874       -0.951056554116321052124557232930047120        0.90450856912761068     
 -0.292371587214325992189813900474928934       -0.956304791888954078355158018346973474        0.91451885498977581     
 -0.275637237232624190558418132569518588       -0.961261729941833298956328417730940565        0.92402411345076618     
 -0.258818925473630677647600941862122639       -0.965925858343524836554338034223070481        0.93301276381667519     
 -0.241921774958315002080831275548439389       -0.970295756355256040224816110357117518        0.94147385480101831     
 -0.224950932722696952919280364640661181       -0.974370092863686302733033090224457435        0.94939707786718852     
 -0.207911568250009440320691618077971511       -0.978147626786377101433230641902058185        0.95677277978782171     
 -0.190808871896023737249988640949801666       -0.981627207449837752717791930470330725        0.96359197440576683     
 -0.173648053308016743453908134800613172       -0.984807774940031723610826592976982238        0.96984635358233606     
 -0.156434339837861869613661713861904789       -0.987688360425236732882286117708175746        0.97552829731949242     
 -0.139172974949726929591949833196680369       -0.990268086451160295362720907480854662        0.98063088304364265     
 -0.121869216622864071448319996239866104       -0.992546167208220814400029291550153088        0.98514789403972958     
 -0.104528335749978272909480262506517784       -0.994521908770912806043694957261419667        0.98907382702533986     
  -8.71556145316622737933524597584847510E-0002 -0.996194709309183341986385415627463498        0.99240389885560820     
  -6.97563448673870160871253609623644073E-0002 -0.997564059271755323947158518733791962        0.99513405235074215     
  -5.23358267435377116053626178403906146E-0002 -0.998629541541341747447899654423660094        0.99726096123907038     
  -3.48993666189865570847290908313482303E-0002 -0.999390831561703675212017687751912455        0.99878203420959366     
  -1.74522758086938669329948137667972942E-0002 -0.999847697436513217093710211726674250        0.99969541806909734     
   1.31134170005586909090822172682261377E-0007 -0.999999999999991401914728472878349952        0.99999999999998290     
   1.74525380370891373748110259401195023E-0002 -0.999847692859299424227398564653173160        0.99969540891606390     
   3.48996287275597728861969236567449002E-0002 -0.999390822408670353218763000275535544        0.99878201591467852     
   5.23360886524480578187527193224436353E-0002 -0.998629527815276999100173955626166382        0.99726093382456316     
   6.97566064968544970123473697229713260E-0002 -0.997564040976840241767376541386083496        0.99513401585004302     
   8.71558758019920147388439066077443582E-0002 -0.996194686450990734645548235348329429        0.99240385331318770     
  0.104528596581584796024410245666273272       -0.994521881356405500829789321948810327        0.98907377249668438     
  0.121869476936295538231453564173828051       -0.992546135245749536273267239784754800        0.98514783059127375     
  0.139173234665689342692669621524870143       -0.990268049950461123243680031923063276        0.98063081075268899     
  0.156434598877243226553043386773397338       -0.987688319397428133947789790576977339        0.97552821627411612     
  0.173648311591911134908391799565688279       -0.984807729397611166500946408191497691        0.96984626388127859     
  0.190809129345755382557075175373207938       -0.981627157406677900685622375525709689        0.96359187615831488     
  0.207911824787156652885215631154678800       -0.978147572257721586597039520437049008        0.95677267311367453     
  0.224951188269116028220164475289736838       -0.974370033866145082717991497638147026        0.94939696289631270     
  0.241922029436164021001803038789296357       -0.970295692906800338608719951463056134        0.94147373167348769     
  0.258819178805393217881146894485652499       -0.965925790463481668658510414942184975        0.93301263268250201     
  0.275637489341132938860251214402973848       -0.961261657650879584649200124611326365        0.92402397446971674     
  0.292371838022786250291332403128703400       -0.956304715209110343661823245652356226        0.91451870833117754     
  0.309017127405351753366389309407786061       -0.951056473070944721560855407275078991        0.90450841497014467     
  0.325568287172154798016981095446419766       -0.945518529901867838371339872134536659        0.89400529038778931     
  0.342020275679315145228439971198063859       -0.939692572613110137789423187471354357        0.88302213102424520     
  0.358368081491480617930800874799178673       -0.933580375847797856315571648790964344        0.87157231816811553     
  0.374606724908358941093366045416078624       -0.927183801440379505564053885149031684        0.85966980165343310     
  0.390731259481582774610686945371304729       -0.920504797849493031687995500077889510        0.84732908286393605     
  0.406736773521445887171030064798880193       -0.913545399564446406086798487681705004        0.83456519706536392     
  0.422618391593051504647142048971754619       -0.906307726485492439167609288027339271        0.82139369508730209     
  0.438371276001417091703516156185355792       -0.898793983278086591466482401535212626        0.80783062437688935     
  0.453990628265083189291972959072880220       -0.891006458701324481466364139615305158        0.79389250944747503     
  0.469471690577777432483503219577997868       -0.882947524910763654563971854349184183        0.77959633174604359     
  0.484809747257688511592305004961241375       -0.874619636735841980440277525172603388        0.76495950896393616     
  0.500000126183908613679455528498636955       -0.866025330932112784202811483365477150        0.74999987381607547     
  0.515038200219606790129053811667189656       -0.857167225408524487735277859534016729        0.73473565231454829     
  0.529919388621499737878353941326027432       -0.848048018429980139374336511621332922        0.71918544156301589     
  0.544639158435190655824181919470780088       -0.838670487795419740019309906246976916        0.70336818709900728     
  0.559193025875951142649369010406605896       -0.829037489991675729774310905816467721        0.68730315981169776     
  0.573576557694525536503781156307051696       -0.819151959323359378952690611190560671        0.67100993246329865     
  0.587785372527541659284079895064576036       -0.809016907019043128492836829787352995        0.65450835584265910     
  0.601815142232116617294891509949997655       -0.798635420314011145318191182104864757        0.63781853458013726     
  0.615661593204251124413261225975799915       -0.788010661509857495723466880108444114        0.62096080265320330     
  0.629320507680610752051633703489234105       -0.777145867011218392309273084604488975        0.60395569861261833     
  0.642787725023297570717914337723846838       -0.766044346339931935170443745347566763        0.58682394055937359     
  0.656059142987220829262949536608687479       -0.754709481126925643847666586057929377        0.56958640090287327     
  0.669130718969680618407746460631913584       -0.743144724082138860883074703688550434        0.55226408093111823     
  0.681998471241783883240349327194573889       -0.731353597942793798611726027922532412        0.53487808522386959     
  0.694658480161317683415095201599927529       -0.719339694400335596034274685784315085        0.51744959593996820     
  0.707106889366710248089264075657926499       -0.707106673006368250242667141156567094        0.49999984701013495     
  0.719339906951716133473388282650630377       -0.694658260057919684931134735155333860        0.48255009826669631     
  0.731353806620467662496886765093059122       -0.681998247462375515070191643216607048        0.46512160954175152     
  0.743144928822540806711686323100814300       -0.669130491582427259933794445410664879        0.44773561476534068     
  0.754709681867689758351329533709055194       -0.656058912061386844462794327498010186        0.43041329609517059     
  0.766044543019910633577346160658554703       -0.642787490629225209566914574463052174        0.41317575810941631     
  0.777146059570501044491898862125162299       -0.629320269889698723590959870402617398        0.39604400209404322     
  0.788010849889788675557915460380594540       -0.615661352088932848010256489337176211        0.37903890045597288     
  0.798635604457208497696177127987053832       -0.601814897865838158720626198071521327        0.36218117129326927     
  0.809017086869414848543903948645635487       -0.587785124984739358328984510073130935        0.34549135315332563     
  0.819152134826121298152299915186789989       -0.573576307050603332946203301217721342        0.32898978000980805     
  0.829037661093368003733208080201134747       -0.559192772207257607483784241712690639        0.31269655648883787     
  0.838670654443923132870909703178038076       -0.544638901818995734745569305094587483        0.29663153337460169     
  0.848048180574531899799741645756458154       -0.529919129135971214106896668320552343        0.28081428342422610     
  0.857167382999733811789941120992329431       -0.515037937943786473744816848617889444        0.26526407752138764     
  0.866025483921975860234714012878016367       -0.499999861197688264720000062557366909        0.24999986119770751     
  0.874619785077756611516795175872773890       -0.484809479641785504247297766512628916        0.23504023155053883     
  0.882947668559543453953296518190855129       -0.469471420413710167799243175334578271        0.22040341458526658     
  0.891006597613212636849398642115242533       -0.453990355635146263875364174067450801        0.20610724300972660     
  0.898794117410769193686496451400488569       -0.438371000988656229989340561648853017        0.19216913450779644     
  0.906307855798111371457589992010713837       -0.422618114281238262364506766355598364        0.17860607051862976     
  0.913545524017611789848311700442647606       -0.406736493995052133714558887953070087        0.16543457554738708     
  0.920504917405295225030452991926165083       -0.390730977825754962089373343364966373        0.15267069703267061     
  0.927183916062400650949514831024774467       -0.374606441208892167894985102904240788        0.14032998579519121     
  0.933580485501122973791553771637536895       -0.358367795834792494702370141643170055        0.12842747709148752     
  0.939692677264337760430617191107839332       -0.342019988152419471233405181937440742        0.11697767229578115     
  0.945518629519120186690568409275429561       -0.325567997862635055887563808961509998        0.10599452123228476     
  0.951056567623877413790052270380248430       -0.309016836401334430324852115115295083         9.5491405179489092E-002
  0.956304804668921638945186964126764857       -0.292371545412913993966776591737215556         8.5481120567135624E-002
  0.961261741990319156332955636249573874       -0.275637195214537555877945617179575936         7.5975863385737086E-002
  0.965925869656858905004849612715995714       -0.258818883251668523449279607753090535         6.6987214327640821E-002
  0.970295766929992168405443087820590028       -0.241921732545338547765935381308598665         5.8526124677738316E-002
  0.974370102696603323400092808495775713       -0.224950890131625602698534949773264178         5.0602902971010701E-002
  0.978147635874479812641927926460271476       -0.207911525493816847838377819261270071         4.3227202433166051E-002
  0.981627215790357830189797424397610967       -0.190808828987733853683145101375285492         3.6408009219670259E-002
  0.984807782530428563992716225949902619       -0.173648010260699850290415839757999195         3.0153631467500119E-002
  0.987688367263198227637977006233251951       -0.156434296664630597317666546526506343         2.4471689172957656E-002
  0.990268092534603535064168540415248901       -0.139172931663732263369375998456886643         1.9369104907877889E-002
  0.992546172535292723201652219988060229       -0.121869173237291345329156897906971530         1.4852095385540930E-002
  0.994521913339990706147259921977813747       -0.104528292278043153367084243431258914         1.0926163886564016E-002
  0.996194713118875447924411430406087632        -8.71555709866067341241919411859886466E-0002   7.5960935540014445E-003
  0.997564062320901166534276388085346512        -6.97563012624753027772123760600347465E-0002   4.8659415658212132E-003
  0.998629543829012527271027227488958139        -5.23357830920523039120546674201507924E-0002   2.7390341918583482E-003
  0.999390833087202545551674310678851302        -3.48993229342241210646519133267217946E-0002   1.2179627412672615E-003
  0.999847698199375496190289800622249819        -1.74522321039612051485284269906112731E-0002   3.0458040541053418E-004
  0.999999999999984714515072840689658818         1.74845560007448822367050302696929444E-0007   3.0570969854318392E-014
